2.03533759100560
2.02514024603141
2.01332637134546
2.01328466554074
2.00052833762477
2.01389907599316
2.01310110562697
1.96878982627284
1.96816617643342
1.95723079175605
1.94559915141294
1.93475050448411
1.92327995393680
1.91188993094849
1.90106671419793
1.88919899480615
1.87827837224885
1.86756971615202
1.86758925744538
1.97962654825082
1.95754990808840
1.94581501707876
1.92424611216801
1.94598113314216
1.90140793055308
1.87867421368009
1.86830613282642
1.85602440700830
1.84519979618558
1.85722889088532
1.92477608890906
1.88223175260926
1.85527668788559
1.83925089171819
1.81853960739944
1.81347700595671
1.79710184503054
1.78100462941205
1.77101304226823
1.76047124481709
1.75029137880066
1.73949250377326
1.75467665536372
1.76593909418422
1.73378874196248
1.71332591204073
1.70240778136735
1.82371946178183
1.80812840503147
1.77576109450343
1.74474098418368
1.72920703413237
1.70810865525532
1.69759542374618
1.68206345240295
1.67147683222951
1.66075913870477
1.65112101503807
1.64013492561909
1.62919994161654
1.60884963029617
1.60352448989692
1.59897121440280
1.58762731235756
1.58297197446862
1.56713763671356
1.56134461397139
1.55117118927904
1.54067416062952
1.52531387446244
1.53015703180674
1.52465668344741
1.51454929866554
1.50939150460208
1.50399743330507
1.49352019180402
1.48763230244974
1.53028762144017
1.50407600883601
1.48875936087309
1.47827792855466
1.47845998221568
1.47321484489997
1.46751649350679
1.45162926575213
1.45192377209672
1.44714846947777
1.44685381056599
1.44167419302847
1.59358665931001
1.54639023769156
1.51470559175661
1.49897860833354
1.48311107454105
1.47296648254683
1.46276043960993
1.45183646810625
1.44686706440304
1.44138039942778
1.43121074496077
1.42602471795257
1.42048764996620
1.42070062303550
1.45225580433084
1.43155763277257
1.41501575115894
1.40973115065175
1.40491731812931
1.39516429657156
1.39453438326141
1.38931711793126
1.38383794723278
1.37368142381951
1.37860598918637
1.37376002991086
1.36825805839427
1.36330240373175
1.35809661401726
1.35326909099953
1.38416057382375
1.40514677906515
1.37871902262735
1.36826577831991
1.35731512966180
1.35249346388016
1.34740991516612
1.33700751308423
1.33123529667185
1.32593037817276
1.32157874386753
1.32122507406611
1.31564853018627
1.32090256975024
1.34743287672739
1.32601280723536
1.31011867848311
1.30521620229393
1.30040619513558
1.30023573584112
1.28950667224808
1.27925305738480
1.27920781717146
1.27403676090292
1.27412739230015
1.26376394264408
1.25813736889552
1.25325986405530
1.25323133154934
1.24808749603136
1.25343542849448
1.28980487732669
1.26354020217588
1.24797617068429
1.23212028779433
1.22711376662135
1.22173975813774
1.21110267891517
1.20561597651317
1.20089362627173
1.19059039855583
1.18517925104194
1.17967068181446
1.17459528367539
1.15381833159625
1.16440095573723
1.15879749479161
1.17497488347692
1.18567523279294