1.89105229539079	
1.88063702768686	
1.88066267170114	
1.88077090098334	
1.87945087282851	
1.88070035171174	
1.87993525235661	
1.88150881240388	
1.86969078703858	
1.87005238013920	
1.87004423941886	
1.85965189877664	
1.85907465608622	
1.85900845777092	
1.85936225869570	
1.85873554506010	
1.84781729132215	
1.84852529161370	
1.84837895185003	
1.88078054376098	
1.88147215974436	
1.88109543132448	
1.87100896497800	
1.87019951519414	
1.87067153628010	
1.85961246440202	
1.86003390971835	
1.85916531091608	
1.84813981787783	
1.84920170212616	
1.88346774379508	
1.86282111179058	
1.85208503965235	
1.84695046482087	
1.83682843116902	
1.83716196196723	
1.83167225837189	
1.82114709513178	
1.81650609151152	
1.81138156015046	
1.81160563339396	
1.80605489555574	
1.81320418269941	
1.80626419382835	
1.79583102499005	
1.78588526003905	
1.78032686045028	
1.81507568995756	
1.81570251548458	
1.80024321780567	
1.79044762056093	
1.78034303230013	
1.77532876959681	
1.77026297347329	
1.76008106185420	
1.74964759353769	
1.74965007505931	
1.74502873921468	
1.73964574552867	
1.72856422777180	
1.72390032458842	
1.71397887764852	
1.71397019970046	
1.70365211736388	
1.70401374743825	
1.69357161573430	
1.68765773638777	
1.68307443565832	
1.67792701420255	
1.67320602759662	
1.66743672082540	
1.66226626306675	
1.65742430657631	
1.65253868492873	
1.64721746275733	
1.63641368108981	
1.63625543120485	
1.64111917921838	
1.63157007896570	
1.62121328298724	
1.61642732147621	
1.61582351016192	
1.61672418029789	
1.61086558637300	
1.60066033743094	
1.59591744870057	
1.59621795194622	
1.59580651146340	
1.59065078214807	
1.68882111618555	
1.62599382797332	
1.61574338628129	
1.60566267648465	
1.59497469215243	
1.59041024388719	
1.58535170629882	
1.57997371472424	
1.57521854652781	
1.56979848464887	
1.57025653759504	
1.56524987390944	
1.55963393356115	
1.56498205333921	
1.57497949984227	
1.56528111687805	
1.55975549747013	
1.54989768567050	
1.54387715313450	
1.54501874886901	
1.54459401541029	
1.53430867217589	
1.52876039429585	
1.52892602491798	
1.52909165013312	
1.52390593246612	
1.51866754191006	
1.51364822664270	
1.51360501852290	
1.51394706148680	
1.53395991931588	
1.53913727986531	
1.52362479728387	
1.51358130355891	
1.50778507498479	
1.50319606760373	
1.49782205969959	
1.49284853463352	
1.49241438986703	
1.48748277653808	
1.48253514864041	
1.48278743222290	
1.47697117977506	
1.48190155541373	
1.49813661988748	
1.48207752143929	
1.47711553128122	
1.47207727830565	
1.47224801365645	
1.46701066722747	
1.46176724953354	
1.45669526704897	
1.45135497275896	
1.45161592625738	
1.44681613321737	
1.44675706077688	
1.44137974814468	
1.43624562522082	
1.43681541539248	
1.43629451458600	
1.44185753158780	
1.46720634847818	
1.45186403678489	
1.44713797527485	
1.44179058656240	
1.43163094791111	
1.43180842496737	
1.42625625851069	
1.42608775289249	
1.42126335100317	
1.41632727487951	
1.41657818291760	
1.41084017294252	
1.41099496283478	
1.40617142903988	
1.40633584796929	
1.40045523990665	
1.42178650460552	
1.43245527206254