1.85500452079108
1.84319553170900
1.83960184243554
1.83067360449621
1.83270020694197
1.82852888460464
1.82120118956979
1.81517001064333
1.80429805209676
1.82310023028442
1.81212535202555
1.80469163821178
1.79084434978630
1.78347072284193
1.78093861253107
1.77120903967270
1.76863039967071
1.75363048019171
1.74621974164151
1.73766473370537
1.73151667354758
1.70859498944706
1.71146995706821
1.70750213732726
1.74923820643602
1.73276971474300
1.72223133282924
1.71184629898473
1.69926783512669
1.69403664392431
1.68190270787681
1.67697706184337
1.66552293064789
1.65719245758321
1.64822415552940
1.63877014979873
1.62764869072621
1.62215370227252
1.61400665104676
1.67605161544246
1.64930064255220
1.63238299185809
1.61641597190258
1.61090283782494
1.59546386936957
1.72670744008576
1.71656739174298
1.69582355709348
1.67777831907926
1.66065868977742
1.66641092748275
1.64683361744078
1.62576399287800
1.61215774118746
1.60573668237553
1.67364531487989
1.64043485723499
1.61326533174221
1.59209643246863
1.58660118206988
1.58007664903363
1.56417329532892
1.55561827219392
1.54020452786374
1.53216130159599
1.53162324036934
1.52225959507720
1.50652671268513
1.50142195565329
1.49635341174865
1.53342620003124
1.52384526751443
1.50119209942612
1.49241767145029
1.48332385194012
1.48073767922942
1.47350778099025
1.46801928526661
1.45809235571190
1.44786609888914
1.45278087775420
1.44253563644924
1.43927128772033
1.42864756818882
1.42490267500049
1.46981153245241
1.45258196510502
1.44283419890879
1.42837605880795
1.41545478443707
1.45457667007771
1.42831795482741
1.41970268832041
1.41556066303065
1.40568003541923
1.40844610711661
1.39685477828724
1.39356703714407
1.38936442928095
1.37856514156667
1.38490111008575
1.37032518142424
1.37334643852291
1.36794872855048
1.35671410870896
1.46043102091946
1.45009989371041
1.43814069018245
1.42836819809643
1.41478745175524
1.41388916339318
1.39893316621772
1.39533225840340
1.39004612954025
1.38602714542096
1.38821526019375
1.37618265623945
1.36471688986402
1.35898547393736
1.34623087640088
1.42684278184546
1.40644814832797
1.39349074920752
1.38824935122493
1.37018783384209
1.37969516656086
1.36865863239357
1.36273717790964
1.36340511339281
1.35186460353052
1.35479697296526
1.34105144064049